# Created by Octave 4.0.2, Wed Jul 27 17:29:49 2016 IST <moonblade@Orion>
# name: errors
# type: matrix
# rows: 300
# columns: 2
 0 16
 1 16
 1 16
 2 16
 2 16
 3 16
 4 16
 5 16
 5 16
 6 16
 6 16
 6 16
 7 16
 7 16
 7 16
 7 16
 7 16
 8 16
 8 16
 8 16
 9 16
 10 16
 1 10
 0 10
 0 11
 0 11
 0 10
 0 10
 0 12
 0 12
 0 13
 0 13
 0 10
 0 10
 0 11
 0 11
 0 11
 0 12
 0 8
 0 8
 0 8
 0 10
 0 12
 0 10
 0 10
 0 9
 0 9
 0 7
 0 4
 0 4
 0 4
 0 4
 0 5
 0 5
 0 7
 0 6
 0 7
 0 5
 0 4
 0 6
 0 3
 0 3
 0 3
 0 3
 0 3
 0 3
 0 3
 0 3
 0 3
 0 3
 0 3
 0 3
 0 3
 0 3
 0 3
 0 3
 0 3
 0 3
 0 3
 0 3
 0 3
 0 3
 0 3
 0 3
 0 3
 0 3
 0 3
 0 3
 0 3
 0 3
 0 4
 0 3
 0 3
 0 3
 0 3
 0 3
 0 3
 0 3
 0 3
 0 3
 0 3
 0 3
 0 3
 0 3
 0 4
 0 4
 0 4
 0 4
 0 4
 0 4
 0 4
 0 4
 0 4
 0 4
 0 4
 0 4
 0 4
 0 4
 0 4
 0 4
 0 4
 0 4
 0 4
 0 4
 0 3
 0 4
 0 3
 0 3
 0 3
 0 3
 0 3
 0 3
 0 3
 0 3
 0 3
 0 3
 0 3
 0 3
 0 3
 0 3
 0 3
 0 3
 0 3
 0 3
 0 3
 0 3
 0 3
 0 3
 0 3
 0 3
 0 3
 0 3
 0 3
 0 3
 0 3
 0 3
 0 3
 0 3
 0 3
 0 3
 0 3
 0 3
 0 3
 0 3
 0 3
 0 3
 0 3
 0 3
 0 3
 0 3
 0 3
 0 3
 0 3
 0 3
 0 3
 0 3
 0 3
 0 3
 0 3
 0 3
 0 0
 0 0
 0 0
 0 0
 0 0
 0 0
 0 0
 0 0
 0 0
 0 0
 0 0
 0 0
 0 0
 0 0
 0 0
 0 0
 0 0
 0 0
 0 0
 0 0
 0 0
 0 0
 0 0
 0 0
 0 0
 0 0
 0 0
 0 0
 0 0
 0 0
 0 0
 0 0
 0 0
 0 0
 0 0
 0 0
 0 0
 0 0
 0 0
 0 0
 0 0
 0 0
 0 0
 0 0
 0 0
 0 0
 0 0
 0 0
 0 0
 0 0
 0 0
 0 0
 0 0
 0 0
 0 0
 0 0
 0 0
 0 0
 0 0
 0 0
 0 0
 0 0
 0 0
 0 0
 0 0
 0 0
 0 0
 0 0
 0 0
 0 0
 0 0
 0 0
 0 0
 0 0
 0 0
 0 0
 0 0
 0 0
 0 0
 0 0
 0 0
 0 0
 0 0
 0 0
 0 0
 0 0
 0 0
 0 0
 0 0
 0 0
 0 0
 0 0
 0 0
 0 0
 0 0
 0 0
 0 0
 0 0
 0 0
 0 0
 0 0
 0 0
 0 0
 0 0
 0 0
 0 0
 0 0
 0 0
 0 0
 0 0
 0 0
 0 0
 0 0
 0 0
 0 0
 0 0
 0 0
 0 0
 0 0
 0 0


