# Created by Octave 4.0.2, Wed Jul 27 18:47:10 2016 IST <moonblade@Orion>
# name: Theta2
# type: matrix
# rows: 2
# columns: 31
 -0.05480831445058829 -0.04190314413186038 -0.1948335973012903 0.2228889157791296 -0.1137474152425053 -0.02894499818735823 0.08791028283087017 -0.1941757051239596 -0.1309231754089643 0.03827188857429803 0.08389060680893572 -0.03661569477625708 -0.1163878100864019 -0.1964798352776586 -0.1160647875042164 -0.1968675325785528 -0.1807934168095222 0.08376344857398148 0.08181606643011216 -0.196463437409356 -0.1064167902325013 0.07847028226143071 -0.1197291301299223 -0.19452721414336 0.05124668129596333 -0.1895347639387104 -0.1919354647253345 -0.1872182323448607 -0.1967751043078278 0.2083481825742503 -0.1169247851632242
 -0.09164572183343682 0.01308459102336627 0.1856593678037229 -0.2129496255920488 0.1329734584932596 0.02904043678230151 -0.08600162612634138 0.1863710975174112 0.123849152435035 -0.03874878843876508 -0.07796745239173333 0.04721533192597531 0.1385920213545718 0.1863914381653992 0.1383254733949799 0.1885008762204775 0.1712443108327248 -0.06454606573610543 -0.05278628236515754 0.1885578474654991 0.1295520002852764 -0.05552330106511222 0.136184689238708 0.1862711929343389 -0.01594243682782508 0.1819556199797434 0.1834605615076539 0.1786734826471054 0.1887850316985249 -0.1997094428714344 0.1402763100947118


