# Created by Octave 4.0.2, Wed Jul 27 09:09:13 2016 IST <moonblade@Orion>
# name: Theta2
# type: matrix
# rows: 2
# columns: 21
 0.1561241779035396 -2.4476002895369 0.001266979730808215 -0.001617769070980481 -0.1309726412362745 1.573171615647899 -0.3481222545266106 -0.003372287592146596 0.001308653324152372 -0.002313979791397958 -0.07091154528541928 1.236538223498422 0.001639528300754163 -0.06738810213489393 -0.3171338854330839 -0.06351166452150891 0.002946910952515058 0.06482943658295551 -0.002443896885673486 -0.0478280660830994 0.6379851752201957
 -0.02144195191764809 2.432053945468605 -0.006379616941434164 -0.002067448362567571 0.1070738387810188 -1.585720405118929 0.3312517065028196 0.003253967235191378 -0.003952550593272991 -0.003259457283355861 0.05060015114713256 -1.255271743300961 -0.001744874979317527 0.04272934537248283 0.3080899807833309 0.03898525653518675 -0.002738818295090462 -0.04434051395651184 -0.003200144047017549 0.04302714546532742 -0.6465616339851706


