# Created by Octave 4.0.2, Wed Jul 27 18:47:02 2016 IST <moonblade@Orion>
# name: y
# type: matrix
# rows: 307
# columns: 1
 1
 1
 2
 2
 2
 2
 2
 1
 2
 1
 2
 1
 2
 2
 2
 2
 1
 2
 2
 2
 2
 2
 2
 2
 2
 1
 2
 2
 2
 1
 2
 2
 2
 1
 2
 2
 2
 2
 2
 2
 1
 1
 2
 1
 1
 2
 1
 1
 2
 2
 2
 1
 2
 2
 2
 1
 1
 1
 1
 1
 2
 2
 2
 1
 2
 2
 2
 2
 2
 2
 2
 1
 2
 2
 2
 2
 2
 2
 2
 1
 2
 2
 1
 1
 1
 1
 2
 2
 1
 2
 1
 1
 2
 2
 2
 2
 1
 2
 1
 2
 2
 1
 1
 2
 2
 1
 2
 2
 2
 1
 2
 2
 1
 2
 1
 2
 1
 2
 2
 2
 2
 2
 1
 1
 1
 2
 1
 1
 1
 2
 2
 2
 2
 2
 2
 1
 1
 2
 2
 2
 2
 2
 2
 2
 1
 1
 2
 2
 2
 2
 2
 2
 1
 2
 2
 2
 2
 2
 1
 2
 2
 2
 2
 2
 2
 2
 2
 1
 2
 1
 2
 2
 2
 2
 2
 1
 2
 1
 1
 1
 2
 1
 1
 2
 1
 2
 2
 2
 2
 1
 2
 1
 1
 1
 2
 2
 2
 1
 1
 2
 1
 2
 1
 2
 2
 2
 2
 2
 2
 1
 2
 2
 2
 1
 1
 1
 2
 2
 1
 2
 1
 2
 2
 1
 2
 2
 2
 2
 1
 2
 2
 2
 2
 1
 1
 2
 2
 2
 2
 2
 1
 2
 2
 2
 2
 2
 2
 2
 1
 1
 1
 2
 1
 2
 1
 1
 2
 2
 1
 1
 2
 2
 1
 2
 2
 1
 2
 2
 1
 1
 2
 1
 1
 1
 1
 2
 2
 1
 2
 2
 2
 2
 1
 1
 2
 2
 2
 2
 2
 1
 2
 2
 1
 2
 2
 2
 2
 1
 2
 1
 1
 2
 2
 2
 2
 2
 2


